FrontChest: 30.2048255375
ArmLength: 53.7993078575
Bust: 93.484568841
Underbust: 82.3531297362
Height: 168.721809387
Hip: 87.965696686
Waist: 85.5526750938
